QI: 270
TP: 90
ME: 163.000000
MC: 3.000000
