QI: 79
TP: 24
ME: 59.000000
MC: 3.291667
