QI: 295
TP: 90
ME: 184.000000
MC: 3.277778
