QI: 375
TP: 90
ME: 243.000000
MC: 4.166667
