QI: 924
TPs: 167
ME: 468.000000
MC: 5.532934
