QI: 1966
TP: 533
ME: 1213.000000
MC: 3.688555
