QI: 924
TP: 167
ME: 480.000000
MC: 5.532934
