QI: 2502
TP: 533
ME: 1544.000000
MC: 4.694184
