QI: 724
TPs: 167
ME: 358.000000
MC: 4.335329
