QI: 544
TPs: 167
ME: 275.000000
MC: 3.257485
