QI: 3240
TP: 533
ME: 2057.000000
MC: 6.078799
