QI: 42
TP: 24
ME: 23.000000
MC: 1.750000
