QI: 52
TP: 24
ME: 31.000000
MC: 2.166667
