QI: 37
TP: 18
ME: 21.000000
MC: 2.055556
