QI: 61
TP: 16
ME: 35.000000
MC: 3.812500
