QI: 195
TP: 37
ME: 116.000000
MC: 5.270270
