QI: 262
TP: 37
ME: 160.000000
MC: 7.081081
