QI: 143
TP: 64
ME: 85.000000
MC: 2.234375
