QI: 347
TP: 91
ME: 206.000000
MC: 3.813187
