QI: 447
TP: 91
ME: 276.000000
MC: 4.912088
