QI: 159
TP: 64
ME: 98.000000
MC: 2.484375
