QI: 1314
TP: 198
ME: 703.000000
MC: 6.636364
