QI: 1550
TP: 263
ME: 847.000000
MC: 5.893536
