QI: 270
TP: 90
ME: 164.000000
MC: 3.000000
