QI: 60
TP: 24
ME: 41.000000
MC: 2.500000
