QI: 295
TP: 90
ME: 185.000000
MC: 3.277778
