QI: 3240
TP: 533
ME: 1942.000000
MC: 6.078799
