QI: 544
TP: 167
ME: 285.000000
MC: 3.257485
