QI: 39
TP: 24
ME: 22.000000
MC: 1.625000
