QI: 42
TP: 24
ME: 25.000000
MC: 1.750000
