QI: 52
TP: 24
ME: 34.000000
MC: 2.166667
