QI: 41
TP: 18
ME: 24.000000
MC: 2.277778
