QI: 59
TP: 18
ME: 34.000000
MC: 3.277778
