QI: 52
TP: 16
ME: 31.000000
MC: 3.250000
