QI: 43
TP: 10
ME: 13.000000
MC: 4.300000
