QI: 66
TP: 10
ME: 41.000000
MC: 6.600000
