QI: 66
TPs: 10
ME: 28.000000
MC: 6.600000
