QI: 43
TP: 10
ME: 24.000000
MC: 4.300000
