QI: 163
TP: 37
ME: 90.000000
MC: 4.405405
