QI: 262
TP: 37
ME: 159.000000
MC: 7.081081
