QI: 11
TP: 7
ME: 5.000000
MC: 1.571429
