QI: 12
TP: 7
ME: 6.000000
MC: 1.714286
