QI: 15
TP: 7
ME: 9.000000
MC: 2.142857
