QI: 59
TP: 18
ME: 35.000000
MC: 3.277778
