QI: 78
TP: 16
ME: 49.000000
MC: 4.875000
