QI: 47
TP: 10
ME: 27.000000
MC: 4.700000
