QI: 47
TPs: 10
ME: 16.000000
MC: 4.700000
