QI: 66
TP: 10
ME: 43.000000
MC: 6.600000
