QI: 66
TPs: 10
ME: 31.000000
MC: 6.600000
