QI: 43
TPs: 10
ME: 14.000000
MC: 4.300000
