QI: 262
TP: 37
ME: 179.000000
MC: 7.081081
