QI: 11
TP: 7
ME: 6.000000
MC: 1.571429
