QI: 91
TP: 24
ME: 68.000000
MC: 3.791667
