QI: 375
TP: 90
ME: 239.000000
MC: 4.166667
