QI: 2502
TP: 533
ME: 1503.000000
MC: 4.694184
