QI: 724
TP: 167
ME: 366.000000
MC: 4.335329
