QI: 924
TP: 167
ME: 475.000000
MC: 5.532934
