QI: 52
TP: 24
ME: 32.000000
MC: 2.166667
