QI: 221
TP: 64
ME: 149.000000
MC: 3.453125
QI: 221
TP: 64
ME: 149.000000
MC: 3.453125
