QI: 347
TP: 91
ME: 205.000000
MC: 3.813187
