QI: 447
TP: 91
ME: 277.000000
MC: 4.912088
QI: 447
TP: 91
ME: 277.000000
MC: 4.912088
