QI: 1496
TP: 263
ME: 804.000000
MC: 5.688213
