QI: 1314
TP: 198
ME: 739.000000
MC: 6.636364
QI: 1314
TP: 198
ME: 739.000000
MC: 6.636364
