QI: 1314
TPs: 198
ME: 726.000000
MC: 6.636364
