QI: 1057
TPs: 198
ME: 567.000000
MC: 5.338384
