QI: 917
TPs: 198
ME: 489.000000
MC: 4.631313
