QI: 1929
TP: 263
ME: 1101.000000
MC: 7.334601
QI: 1929
TP: 263
ME: 1101.000000
MC: 7.334601
