QI: 52
TP: 32
ME: 28.000000
MC: 1.625000
