QI: 71
TP: 32
ME: 43.000000
MC: 2.218750
QI: 71
TP: 32
ME: 43.000000
MC: 2.218750
