QI: 56
TP: 32
ME: 31.000000
MC: 1.750000
