QI: 54
TP: 19
ME: 31.000000
MC: 2.842105
