QI: 64
TP: 19
ME: 39.000000
MC: 3.368421
