QI: 230
TP: 60
ME: 148.000000
MC: 3.833333
