QI: 561
TP: 124
ME: 324.000000
MC: 4.524194
