QI: 431
TPs: 124
ME: 243.000000
MC: 3.475806
