QI: 561
TPs: 124
ME: 312.000000
MC: 4.524194
