QI: 724
TPs: 124
ME: 431.000000
MC: 5.838710
