QI: 255
TP: 60
ME: 168.000000
MC: 4.250000
