QI: 431
TP: 124
ME: 254.000000
MC: 3.475806
