QI: 724
TP: 124
ME: 442.000000
MC: 5.838710
