QI: 44
TP: 18
ME: 24.000000
MC: 2.444444
