QI: 96
TP: 31
ME: 65.000000
MC: 3.096774
