QI: 133
TP: 31
ME: 93.000000
MC: 4.290323
