QI: 81
TP: 31
ME: 53.000000
MC: 2.612903
