QI: 431
TP: 124
ME: 253.000000
MC: 3.475806
