QI: 561
TP: 124
ME: 322.000000
MC: 4.524194
