QI: 724
TP: 124
ME: 400.000000
MC: 5.838710
