QI: 724
TP: 124
ME: 412.000000
MC: 5.838710
