QI: 41
TP: 18
ME: 21.000000
MC: 2.277778
