QI: 48
TP: 18
ME: 28.000000
MC: 2.666667
