QI: 49
TP: 19
ME: 26.000000
MC: 2.578947
