QI: 561
TP: 124
ME: 311.000000
MC: 4.524194
