QI: 561
TP: 124
ME: 323.000000
MC: 4.524194
