QI: 255
TP: 60
ME: 166.000000
MC: 4.250000
