QI: 230
TP: 60
ME: 147.000000
MC: 3.833333
