QI: 724
TP: 124
ME: 401.000000
MC: 5.838710
