QI: 431
TP: 124
ME: 243.000000
MC: 3.475806
