QI: 371
TP: 60
ME: 232.000000
MC: 6.183333
