QI: 48
TP: 18
ME: 27.000000
MC: 2.666667
