QI: 223
TP: 64
ME: 153.000000
MC: 3.484375
