QI: 143
TP: 64
ME: 89.000000
MC: 2.234375
