QI: 159
TP: 64
ME: 101.000000
MC: 2.484375
