QI: 323
TP: 91
ME: 185.000000
MC: 3.549451
