QI: 1496
TP: 263
ME: 803.000000
MC: 5.688213
