QI: 1550
TP: 263
ME: 844.000000
MC: 5.893536
