QI: 917
TP: 198
ME: 499.000000
MC: 4.631313
