QI: 1057
TP: 198
ME: 563.000000
MC: 5.338384
