QI: 1929
TP: 263
ME: 1107.000000
MC: 7.334601
