QI: 1314
TP: 198
ME: 714.000000
MC: 6.636364
