QI: 56
TP: 32
ME: 32.000000
MC: 1.750000
