QI: 71
TP: 32
ME: 45.000000
MC: 2.218750
